N: 6000; M: 6000; nproc: 1 2 4 8 16 32 64 80
111.23
67.18
35.17
18.73
10.46
6.87
7.14
7.36
N: 7000; M: 7000; nproc: 1 2 4 8 16 32 64 80
149.75
81.25
46.77
25.48
13.68
8.09
8.59
8.48
N: 7000; M: 7000; nproc: 1 2 4 8 16 32 64 80
151.34
101.11
47.95
24.37
13.52
10.89
7.97
8.47




N: 1000; M: 1000; nproc: 1 2 4 8 16 32 64 80
4.43
3.38
2.66
2.12
1.97
2.35
3.07
4.39
N: 2000; M: 2000; nproc: 1 2 4 8 16 32 64 80
13.66
9.08
5.63
3.68
2.66
2.91
3.42
3.85
N: 4000; M: 4000; nproc: 1 2 4 8 16 32 64 80
49.55
30.96
18.14
8.86
5.57
5.16
4.44
5.02
N: 10000; M: 10000; nproc: 1 2 4 8 16 32 64 80
303.24
184.37
95.95
47.77
25.42
18.27
14.24
14.38
